6 20
52204202 52204202 684380318
52204202 3798003910 1806087999
52204202 3818312039 1930394563
402497831 2345216526 1982326950
402497831 2455977325 1569552231
402497831 3798003910 365958366
402497831 3818312039 2731144839
2345216526 52204202 3143065936
2345216526 2345216526 1165331162
2345216526 2455977325 2541840272
2345216526 3798003910 1547158575
2345216526 3818312039 3008050845
2455977325 52204202 1630932893
2455977325 402497831 1444109557
2455977325 3798003910 1060751964
3798003910 52204202 686159344
3798003910 2455977325 819917079
3798003910 3798003910 3076955240
3818312039 402497831 1370455329
3818312039 2455977325 1094382303
