7 40
1092570 1092570 87008178
1092570 130747541 2568845227
1092570 917266126 1366338982
1092570 1561592863 1709611995
1092570 1880234643 1153553121
1092570 2437566092 4160953241
1092570 2792408479 3134463013
130747541 130747541 1981392375
130747541 1561592863 1072038096
130747541 1880234643 1964389944
130747541 2437566092 1254221188
917266126 1092570 659763002
917266126 130747541 3952982605
917266126 917266126 2524082524
917266126 1561592863 761746980
917266126 1880234643 1060946605
917266126 2437566092 2376236401
1561592863 1092570 644417361
1561592863 917266126 2735004940
1561592863 2437566092 2477328798
1561592863 2792408479 2848427097
1880234643 1092570 1759065760
1880234643 130747541 2175840173
1880234643 917266126 906202722
1880234643 1561592863 1860098805
1880234643 1880234643 3367599331
1880234643 2437566092 768435536
1880234643 2792408479 3085432822
2437566092 1092570 1091234622
2437566092 130747541 2927022978
2437566092 917266126 3421027963
2437566092 1561592863 3949414229
2437566092 2792408479 3482113923
2792408479 1092570 3831086017
2792408479 130747541 3707999168
2792408479 917266126 2039351354
2792408479 1561592863 3699580944
2792408479 1880234643 3082917080
2792408479 2437566092 939279120
2792408479 2792408479 2277867233
